0
100 100
0 1 1 0 1 1 0 1 1 1 0 1 0 0 0 0 1 0 1 0 0 0 1 0 0 1 0 0 1 0 0 1 0 1 1 1 1 0 0 0 0 0 0 0 1 0 0 1 0 1 0 0 1 0 0 1 1 1 0 1 1 1 0 1 1 1 0 0 0 1 1 1 0 1 0 1 0 0 1 1 1 0 0 1 1 1 0 1 1 1 1 0 0 0 1 0 0 1 0 0 0
1 0 0 0 0 1 1 1 1 0 1 0 0 1 1 1 1 1 0 1 0 0 1 0 1 1 1 0 0 0 1 0 1 0 0 1 0 0 0 0 1 0 0 0 1 1 1 1 0 1 0 0 0 1 1 1 0 1 1 0 1 1 1 1 1 0 1 1 1 1 1 0 0 1 0 1 0 0 0 0 0 0 0 0 0 0 1 0 0 0 1 1 1 0 1 1 1 0 0 0 0
2 1 1 1 0 0 0 1 0 1 0 1 1 0 1 0 0 1 1 1 1 0 0 0 0 1 0 0 1 1 0 0 0 0 1 0 0 1 0 0 1 0 1 0 0 1 0 1 0 1 0 0 0 1 1 0 0 0 0 1 1 1 1 0 1 0 1 0 0 1 0 1 0 0 1 0 1 1 0 1 1 0 0 0 1 1 1 0 0 0 0 1 1 0 1 0 1 1 0 1 1
3 1 0 0 1 1 0 0 1 0 0 0 0 0 1 0 1 0 1 0 0 1 1 1 0 0 0 0 0 1 0 0 1 1 0 0 0 1 0 1 0 1 0 1 1 0 0 0 0 1 0 0 1 1 1 0 1 0 0 1 1 0 0 0 1 1 0 1 0 1 1 0 0 1 1 1 1 0 0 1 1 0 0 0 1 0 0 0 0 0 1 0 1 1 0 1 1 0 0 0 1
4 1 0 1 0 1 0 0 1 1 1 1 0 0 1 0 0 1 1 1 1 1 0 0 1 0 0 1 0 0 1 0 1 1 0 0 1 1 0 0 1 0 0 1 1 1 1 1 1 0 1 0 1 1 0 0 1 0 0 1 1 1 1 1 1 0 0 1 0 0 0 0 0 1 1 0 0 1 1 1 0 0 0 1 0 1 0 1 0 1 0 0 1 1 1 0 0 1 0 1 1
5 1 1 0 0 0 1 0 1 0 0 0 0 0 1 1 1 1 0 0 1 1 1 0 1 0 1 1 0 0 0 1 0 0 0 0 1 1 1 0 0 0 1 0 0 0 0 1 1 0 0 1 0 0 1 1 0 0 1 1 1 1 0 0 1 0 1 0 0 0 0 0 1 0 0 1 0 1 1 0 0 1 0 0 1 0 0 1 1 0 1 1 0 0 1 0 1 0 0 1 0
6 0 1 0 1 0 0 0 0 1 1 0 0 1 1 1 0 1 0 1 1 1 1 0 1 0 0 0 0 1 1 0 0 1 1 1 0 0 0 1 0 1 0 0 0 0 1 1 1 0 0 1 1 1 0 1 1 1 1 1 1 1 0 0 1 0 1 1 1 1 0 0 1 0 1 0 1 1 1 0 0 0 0 1 0 1 0 1 1 0 1 0 0 0 0 1 1 0 0 1 1
7 1 0 1 0 0 0 0 0 1 0 1 1 0 1 0 1 1 0 0 0 1 0 0 0 0 0 1 0 0 1 1 0 0 0 0 0 0 0 0 0 0 0 0 1 0 0 1 1 0 0 0 0 0 1 0 0 0 0 1 0 0 0 0 1 0 1 1 1 0 1 1 0 0 0 1 1 1 1 1 1 1 0 1 0 0 1 0 1 0 0 0 0 1 1 1 0 0 0 1 1
8 1 1 0 0 0 0 1 1 1 0 0 0 0 0 1 1 1 1 1 0 1 0 1 0 0 1 0 0 0 0 0 1 0 0 0 0 0 0 1 0 1 0 0 0 1 0 0 1 0 1 0 0 0 0 1 1 0 0 1 0 0 1 0 1 1 1 1 0 0 0 1 0 0 0 0 1 0 1 0 1 0 1 0 0 1 0 1 0 1 1 1 1 1 0 1 1 0 0 0 1
9 1 0 1 0 1 0 0 0 0 1 1 1 0 0 1 0 0 0 1 1 0 0 0 0 0 0 0 0 1 1 0 1 1 1 1 1 0 0 1 0 1 1 0 0 1 0 0 1 0 1 1 0 0 0 1 1 1 0 0 1 1 1 1 1 1 0 0 0 0 0 1 1 1 0 1 1 1 1 0 0 1 0 0 0 1 0 0 1 0 0 1 1 1 1 1 1 1 1 0 1
10 1 1 1 1 1 1 0 1 1 0 1 0 1 1 1 0 0 1 0 1 0 0 1 1 1 1 1 0 1 0 1 0 1 0 0 1 1 0 0 0 1 0 0 1 0 0 1 1 1 0 1 0 1 1 1 0 1 1 1 1 0 1 0 0 0 0 0 1 1 0 0 1 1 1 0 0 1 0 0 0 1 1 1 1 1 0 1 1 0 0 1 0 0 1 1 0 0 1 1 1
11 1 1 1 1 1 1 1 1 1 0 1 1 0 0 1 1 0 0 1 0 1 1 0 0 1 1 0 0 1 1 1 1 0 0 1 0 0 1 1 1 1 0 0 1 0 0 1 0 1 1 1 1 0 1 0 0 1 0 0 0 1 1 1 1 1 1 1 0 0 0 1 0 0 0 1 1 0 1 0 1 1 0 0 1 0 1 0 0 1 0 1 1 1 0 1 1 1 1 0 0
12 1 0 1 0 0 0 1 1 1 1 1 0 1 0 0 1 1 0 1 1 1 1 1 1 1 1 1 1 0 1 0 0 1 0 0 1 1 1 1 0 0 0 0 1 1 0 0 1 0 1 0 1 1 0 0 1 0 1 0 0 0 1 1 0 1 1 1 0 1 0 0 0 0 0 1 0 1 1 0 0 1 1 0 1 1 1 1 1 0 1 1 1 0 0 0 1 0 1 1 0
13 1 1 0 1 0 1 1 0 1 1 0 1 1 1 1 0 0 1 1 0 1 1 1 0 0 1 0 0 1 0 0 0 1 1 0 1 0 1 0 1 1 1 0 1 1 1 0 0 1 1 1 1 1 1 1 1 1 0 1 1 0 0 1 1 1 1 0 0 0 1 0 0 1 0 1 0 1 0 0 1 0 0 1 0 0 0 1 1 1 1 0 0 0 0 0 0 1 1 1 1
14 1 1 0 1 1 0 1 1 0 0 1 0 1 0 1 0 0 1 0 1 0 0 0 0 1 1 1 1 1 0 1 0 0 0 0 0 0 0 0 0 0 0 0 0 0 0 1 0 0 1 0 1 1 1 1 0 1 0 1 0 1 0 0 1 1 0 0 1 0 1 0 1 1 1 0 1 0 1 1 1 0 1 1 1 0 1 0 0 0 0 0 0 1 0 0 0 0 0 0 1
15 1 0 1 0 0 1 0 0 1 1 1 0 0 0 0 0 0 1 1 0 1 1 0 0 0 1 0 0 0 1 1 1 1 1 0 0 1 1 1 0 0 0 0 1 0 0 1 0 0 1 0 0 0 0 0 0 1 1 0 0 1 0 0 0 0 1 1 0 1 1 0 0 1 0 0 0 0 0 1 1 1 0 1 1 0 0 0 1 0 1 0 1 1 1 0 0 0 0 1 0
16 1 1 1 0 0 1 1 1 0 1 1 1 1 0 1 0 0 1 1 0 1 0 1 1 1 0 1 0 1 1 1 0 1 0 1 1 0 1 1 0 1 1 1 0 1 1 1 1 1 0 1 0 1 1 0 1 1 0 0 0 1 1 1 1 1 0 1 0 1 0 0 1 0 0 1 1 1 0 0 1 0 1 0 0 1 0 1 0 0 1 0 0 1 1 1 1 1 0 1 0
17 0 0 0 0 1 1 0 1 0 1 0 0 1 1 1 1 1 0 1 1 1 1 1 0 0 1 0 0 0 0 1 0 1 1 1 0 1 1 1 1 1 0 0 0 1 0 1 0 1 1 0 0 1 1 0 0 0 1 1 1 0 1 0 0 1 0 1 1 1 1 1 0 0 1 0 1 0 1 1 1 1 1 0 0 0 1 1 1 1 1 1 0 0 1 0 0 0 0 1 0
18 0 0 0 0 0 1 1 0 1 1 1 1 1 1 0 1 0 0 0 1 1 1 1 1 0 1 0 1 0 1 1 0 0 0 1 0 1 1 1 0 0 0 1 0 1 0 1 1 1 0 1 0 1 0 0 0 1 1 0 0 0 0 0 0 0 1 1 0 0 1 1 0 0 1 1 1 0 0 0 0 1 0 0 0 0 1 0 1 1 0 0 0 1 1 1 1 1 0 1 1
19 1 1 1 0 1 0 1 0 1 1 1 0 0 1 0 1 1 0 0 0 1 0 0 1 1 0 0 0 1 0 1 0 0 0 1 0 0 0 0 0 0 1 1 1 0 1 0 0 0 0 1 1 0 1 1 1 1 0 1 0 1 1 0 1 1 0 1 1 0 0 0 0 1 0 1 1 0 0 0 1 0 0 1 1 1 1 1 0 0 1 0 1 1 0 1 1 1 1 1 0
20 0 0 0 0 1 0 0 1 1 1 1 0 1 1 0 0 0 0 1 1 1 0 0 1 0 1 1 0 1 0 1 1 0 0 0 0 1 1 1 1 1 0 0 0 0 0 1 1 0 1 0 0 0 1 0 1 0 0 1 1 1 1 0 1 1 0 1 1 1 0 1 0 0 1 1 1 0 0 0 1 1 0 1 1 0 1 1 1 1 0 1 0 1 1 0 1 0 1 1 0
21 1 1 1 1 1 1 0 0 1 0 1 0 0 0 0 1 0 1 1 0 0 0 0 1 0 0 1 0 1 0 1 0 1 0 1 0 0 0 0 1 0 0 1 0 1 0 1 0 0 1 0 1 0 1 1 0 0 0 1 0 1 0 0 0 0 1 1 0 1 0 1 1 0 1 1 0 0 0 0 0 0 1 0 1 1 0 1 1 0 0 0 0 0 0 0 1 1 1 1 0
22 0 0 0 1 0 0 1 1 1 1 1 1 1 0 0 1 0 0 0 0 0 0 0 1 1 1 0 0 0 0 1 1 0 1 1 0 0 0 1 1 0 0 1 1 0 1 1 1 0 1 0 1 0 1 0 1 0 1 1 1 0 0 0 1 1 1 0 1 1 1 0 1 1 1 0 0 0 0 1 1 0 1 0 0 0 0 1 0 1 0 1 0 0 0 1 0 1 0 0 0
23 0 0 0 0 0 1 1 0 0 1 1 0 0 0 1 1 0 0 0 0 1 1 1 1 1 1 0 0 1 1 1 1 1 1 1 0 1 0 1 0 1 1 0 1 0 0 0 1 0 1 0 1 0 1 1 1 0 0 1 1 1 1 1 0 0 1 0 1 1 0 1 1 0 1 1 1 1 0 1 0 1 1 0 0 1 0 1 1 1 0 0 1 0 0 0 0 1 1 0 0
24 0 1 1 0 0 0 0 1 0 1 1 1 0 1 1 0 1 1 0 0 1 1 0 1 0 0 1 1 1 1 1 0 1 1 1 0 1 0 1 1 1 1 1 1 1 0 1 1 0 1 1 1 1 1 1 1 0 0 0 0 0 0 1 1 0 0 0 1 0 0 1 1 0 1 1 1 0 0 1 0 0 1 0 0 0 0 1 1 0 0 0 0 0 0 1 0 0 1 1 0
25 0 0 1 1 1 1 1 0 1 0 1 1 0 0 1 0 0 1 1 1 0 0 1 0 0 1 1 1 0 1 1 0 0 1 0 1 1 0 1 1 0 1 0 0 1 1 0 0 0 1 0 0 1 1 0 0 1 1 0 0 1 0 0 1 1 0 1 1 0 1 0 1 1 0 1 1 0 1 1 0 0 1 1 1 0 1 1 1 1 0 0 0 1 0 1 0 0 1 1 1
26 0 1 1 1 0 1 0 0 0 0 0 1 1 0 0 0 0 0 0 0 0 0 0 1 1 0 0 0 0 1 1 0 1 0 1 0 1 1 1 0 0 1 1 1 0 1 0 0 0 0 0 1 0 1 0 0 0 1 0 0 0 1 1 1 0 0 0 1 0 1 1 0 0 0 0 0 1 0 1 0 1 1 0 0 1 0 1 1 1 0 1 0 0 0 0 1 1 0 1 0
27 1 0 0 1 0 1 1 0 0 0 1 0 0 0 0 1 0 1 1 0 1 0 0 0 0 1 0 0 0 0 0 0 1 0 0 1 0 0 0 0 1 1 1 0 0 1 1 1 1 1 1 1 0 0 0 0 1 1 0 1 1 1 1 0 0 1 0 0 0 1 0 1 1 0 1 1 0 1 0 1 0 0 1 0 0 0 1 0 0 0 0 1 0 0 0 1 1 1 1 1
28 0 1 1 1 1 1 1 0 0 1 1 0 0 0 1 0 1 1 1 1 0 1 1 1 0 0 0 0 1 0 1 1 0 1 0 0 0 0 0 0 1 1 0 0 0 1 0 0 0 0 1 1 1 0 1 0 1 0 1 0 0 1 0 1 1 0 1 0 1 1 1 0 1 0 0 0 1 1 1 1 1 0 0 1 1 0 1 1 0 1 0 1 0 0 1 0 1 1 1 0
29 0 0 0 1 1 0 1 1 1 1 0 0 0 1 0 1 0 1 0 1 0 1 1 0 0 0 0 1 1 0 1 1 0 1 0 1 1 1 1 1 1 0 0 1 1 1 1 1 1 0 0 0 0 0 0 0 0 0 0 0 0 1 1 1 0 0 1 1 0 1 0 0 1 1 1 0 1 1 0 1 1 0 1 1 0 0 0 1 0 0 0 1 0 0 0 1 1 1 0 1
30 0 0 1 0 1 1 0 0 1 1 0 0 0 1 0 0 0 0 1 0 0 1 0 1 1 1 0 1 0 1 1 1 1 1 1 1 0 1 1 0 1 1 0 0 1 0 0 0 1 0 0 0 0 1 1 1 0 0 1 0 0 1 0 1 0 0 1 1 0 0 0 0 0 1 1 1 0 0 1 1 0 1 1 0 1 1 0 1 1 1 1 1 0 1 0 0 0 1 1 1
31 0 1 1 0 1 0 1 1 1 0 1 1 0 0 1 0 0 0 1 1 0 0 1 1 0 1 0 1 1 0 0 0 1 0 0 0 0 0 1 0 0 0 0 0 0 1 0 0 0 0 0 0 0 1 1 1 1 0 1 0 1 0 1 1 0 1 0 1 1 1 1 1 1 0 1 0 1 0 0 1 0 0 0 0 1 0 0 1 1 0 1 0 0 0 1 0 1 1 1 0
32 0 0 0 1 0 1 0 0 1 0 0 1 0 1 1 0 0 0 1 1 1 1 1 1 1 0 1 0 0 0 0 1 1 1 0 1 0 0 1 1 1 1 1 1 0 1 0 1 0 0 1 1 0 0 1 1 0 0 0 1 0 0 1 1 1 1 1 1 0 1 0 1 1 0 1 0 1 1 0 1 0 0 0 1 1 0 0 1 1 0 0 1 1 0 1 0 1 0 1 0
33 1 0 1 1 0 0 1 0 0 1 1 0 0 0 0 1 0 0 1 0 1 1 1 1 0 0 1 1 0 1 0 1 1 1 0 1 0 0 1 0 0 0 0 0 0 1 0 0 0 1 1 1 1 0 1 0 1 1 1 1 1 1 0 0 0 1 0 1 1 1 1 1 1 0 0 1 1 0 1 0 1 0 0 1 1 0 1 0 0 0 0 1 0 0 1 1 1 0 1 0
34 0 1 0 0 0 0 1 0 1 0 1 1 0 0 1 1 1 1 0 1 1 0 1 1 0 1 1 0 0 1 1 0 0 0 0 0 1 0 1 1 0 1 0 1 1 0 1 0 1 1 0 0 1 1 1 0 0 1 1 0 1 1 0 0 1 0 1 1 1 0 1 1 0 1 1 1 1 1 0 1 1 0 1 1 1 0 1 1 0 0 1 0 0 1 0 1 1 1 0 0
35 1 1 0 1 1 1 1 0 0 1 0 1 0 1 0 0 1 0 0 1 0 0 0 1 0 0 0 1 1 0 0 1 1 0 0 1 1 1 1 1 0 0 0 0 0 1 0 1 0 0 0 0 1 1 0 0 0 1 1 0 0 0 0 0 1 1 1 1 0 0 0 0 0 1 1 1 0 0 1 1 1 0 0 0 0 1 1 0 1 1 1 0 0 1 1 0 0 0 1 1
36 1 0 1 1 0 0 1 0 1 0 0 0 1 1 0 0 0 1 1 0 0 0 0 1 1 0 1 1 0 1 1 0 0 1 0 1 1 1 0 1 1 0 0 0 0 0 1 0 1 1 1 0 1 0 1 0 1 1 1 0 1 1 1 0 1 1 0 1 0 1 0 1 1 0 0 0 0 1 1 1 1 1 1 0 0 0 0 0 1 1 0 1 0 0 1 1 1 0 0 0
37 1 0 0 1 0 0 1 0 1 1 0 1 1 0 1 0 1 1 0 1 1 0 1 0 0 1 1 1 0 1 0 1 1 1 1 0 1 1 0 0 0 0 1 1 1 0 1 0 1 0 1 1 0 0 1 0 1 0 0 0 1 0 0 1 1 0 1 1 1 0 0 1 0 1 0 0 1 0 0 0 0 1 1 0 0 1 1 0 1 0 0 1 1 1 0 0 1 1 0 1
38 1 0 0 0 0 0 1 1 1 1 0 0 1 1 0 1 1 0 1 0 1 0 0 0 0 1 1 0 0 0 0 0 0 0 1 1 1 0 1 1 1 0 1 1 0 1 0 0 0 0 0 1 1 0 0 0 1 1 0 1 0 1 1 0 1 0 0 1 0 0 1 0 0 1 0 0 1 0 1 0 0 0 0 0 0 1 0 1 1 1 1 0 0 1 1 0 0 1 0 0
39 1 1 0 1 0 1 0 0 0 0 0 0 1 1 0 1 1 1 0 1 0 0 0 1 1 1 1 1 0 0 0 1 0 0 0 1 0 0 1 1 0 1 0 1 0 0 1 0 0 0 1 0 1 0 0 0 1 1 1 0 1 0 0 0 1 0 0 0 0 1 1 1 1 0 0 0 0 0 1 0 0 1 0 0 1 1 0 1 0 1 1 1 0 0 0 0 1 1 1 1
40 1 0 1 0 0 1 1 0 0 1 0 0 0 0 1 1 1 1 0 0 0 0 1 0 0 1 1 0 0 1 1 1 0 0 0 0 1 0 0 1 0 0 0 0 1 0 1 1 0 0 0 1 1 1 0 0 1 0 0 0 0 0 0 1 0 1 0 1 1 1 0 1 1 1 1 0 1 1 1 1 0 0 0 0 0 0 1 1 1 0 0 0 0 1 1 1 1 0 1 0
41 0 1 0 0 0 0 1 1 0 1 1 0 1 0 1 0 1 1 0 0 1 1 0 0 0 1 0 1 1 0 0 1 0 1 0 0 0 1 0 1 1 0 1 1 1 1 0 1 0 1 0 0 1 0 1 0 0 0 0 0 1 1 0 0 1 0 1 1 0 1 0 1 0 1 1 0 1 0 1 1 0 1 1 0 1 1 0 0 1 1 0 0 1 0 0 0 1 1 1 1
42 0 0 0 0 0 1 0 1 0 1 1 0 0 1 0 0 1 0 0 0 1 1 0 1 1 1 1 1 0 1 1 0 1 0 1 0 1 1 1 1 0 1 1 1 1 1 0 1 0 1 1 1 0 0 1 1 1 0 1 0 1 0 0 0 1 0 1 1 0 1 0 0 1 0 1 0 1 1 0 0 0 1 1 1 1 0 0 1 1 1 0 1 0 1 0 1 1 1 1 1
43 0 1 0 0 0 0 1 0 1 0 1 0 1 1 0 0 1 0 1 1 0 1 0 0 0 0 1 0 1 0 1 1 0 1 1 1 0 0 1 0 1 1 1 0 1 0 1 0 1 0 1 0 1 1 0 1 1 0 0 1 1 0 1 1 0 0 0 0 0 1 1 1 0 0 1 0 0 0 0 1 1 0 0 0 1 1 0 0 1 0 1 0 0 0 1 1 0 1 0 1
44 1 1 0 0 0 1 0 0 1 1 1 1 0 1 0 1 0 1 0 0 1 1 0 0 1 1 0 0 0 0 1 0 1 0 0 0 1 0 0 0 0 0 1 1 0 1 1 1 0 0 1 0 0 0 1 1 0 0 0 1 0 0 0 1 0 0 0 1 1 1 0 0 1 0 0 0 1 1 1 1 1 0 0 1 0 0 0 0 1 0 1 0 1 1 0 0 1 0 0 1
45 1 1 0 0 0 1 0 1 0 0 0 0 0 0 1 0 1 0 1 0 1 0 0 0 1 0 0 1 0 1 1 1 0 0 1 1 1 0 0 1 1 0 1 0 1 1 1 1 1 1 1 0 0 1 1 1 1 0 1 1 0 1 0 0 1 0 0 0 0 1 1 0 0 0 1 1 1 1 1 1 0 0 1 0 0 0 0 0 1 0 0 1 1 0 1 1 1 1 0 0
46 1 0 0 0 0 0 1 1 1 0 0 1 0 1 1 1 0 1 1 1 0 1 1 1 0 1 0 1 1 0 0 0 1 0 0 0 0 0 0 1 0 0 0 0 0 1 1 0 1 0 0 0 0 0 0 0 0 0 0 0 1 1 0 0 1 1 0 0 1 1 1 1 0 1 0 1 0 1 0 0 0 1 0 0 1 0 0 1 0 0 1 0 1 1 1 0 1 0 0 0
47 0 0 1 0 1 1 0 1 1 0 1 1 1 0 1 0 1 0 0 1 0 1 1 0 1 0 0 0 0 1 1 1 1 1 0 1 1 1 1 0 0 1 1 1 0 1 1 0 0 1 1 1 1 1 1 0 1 0 1 1 0 1 1 0 0 0 1 1 0 0 1 1 1 1 1 0 1 0 1 1 1 0 0 0 1 1 0 1 0 0 0 1 1 0 1 0 1 1 0 0
48 0 1 1 0 1 0 0 1 0 0 1 0 1 0 0 0 0 0 0 1 0 1 0 1 0 1 1 1 1 0 0 1 0 0 0 0 0 1 0 1 0 1 0 0 0 0 0 1 1 0 0 1 1 0 0 0 1 0 1 0 0 0 1 1 0 1 1 1 1 0 0 0 1 0 1 1 1 0 1 0 0 1 1 0 0 0 0 0 0 1 1 0 1 1 0 1 1 0 0 1
49 1 0 1 1 0 1 1 0 0 1 0 1 1 1 1 0 0 0 0 1 0 1 1 0 0 1 0 0 0 1 1 0 0 0 0 1 1 0 0 0 0 0 0 1 1 0 0 1 1 1 0 1 0 1 1 1 1 0 0 1 1 1 0 0 0 1 0 1 0 1 1 1 1 0 0 1 1 1 0 0 0 1 1 0 0 1 1 0 0 0 1 1 1 1 1 1 1 1 1 0
50 1 1 0 1 1 0 0 0 0 1 1 1 0 1 0 0 1 1 1 0 0 0 1 0 0 0 1 0 1 0 0 1 0 0 0 0 1 0 1 1 1 0 0 0 1 1 0 0 0 1 1 0 1 0 0 0 0 1 1 0 1 1 0 0 1 0 0 1 1 0 1 0 1 0 1 1 0 0 1 1 0 1 0 0 1 0 1 0 1 0 0 0 0 0 1 1 0 0 0 0
51 1 0 1 0 1 0 0 1 1 1 0 1 0 1 0 1 1 1 1 1 0 1 0 0 0 0 1 0 0 1 1 1 0 0 0 0 1 0 1 0 1 1 0 0 0 0 0 1 1 0 1 1 0 0 0 0 0 1 0 0 0 1 0 1 1 1 1 1 1 0 1 0 1 1 1 1 1 0 1 0 1 1 0 0 0 1 1 0 1 0 0 1 1 0 1 0 1 0 1 0
52 1 0 1 1 0 0 1 1 1 0 0 1 0 0 0 1 0 1 1 1 1 0 1 0 1 1 0 1 0 0 1 1 1 1 1 1 0 0 0 0 1 1 1 0 1 1 1 0 0 0 0 1 1 1 0 0 1 1 0 1 1 0 1 1 0 1 1 0 1 1 0 0 1 0 1 1 1 1 1 1 0 1 0 0 0 0 1 0 1 1 1 1 0 0 0 0 1 1 1 0
53 1 0 1 0 0 0 1 1 1 0 0 0 1 0 1 0 1 1 1 0 1 0 0 0 1 0 0 0 1 1 1 0 0 0 0 1 0 0 1 1 0 0 0 1 1 1 0 1 0 1 0 0 0 0 1 0 1 0 0 1 0 1 1 1 1 1 1 0 0 1 0 0 1 0 1 0 1 0 0 0 1 1 0 0 1 0 0 1 0 1 1 0 1 1 0 1 1 0 0 1
54 1 1 1 0 1 0 0 0 0 0 1 0 0 0 0 0 1 0 1 1 1 1 1 1 1 1 1 1 0 1 0 1 1 1 0 0 1 0 1 1 0 0 0 0 0 1 0 0 0 0 0 0 1 0 0 0 1 0 1 0 1 1 1 1 1 1 1 1 1 0 0 0 1 0 1 0 1 0 0 0 0 1 1 0 0 0 1 0 1 1 0 0 1 1 0 1 0 0 1 1
55 1 0 1 0 1 1 1 0 1 0 1 1 0 0 1 0 1 0 0 0 0 1 0 1 1 0 1 1 0 1 0 0 0 0 1 1 0 0 1 1 1 1 0 1 0 0 1 0 0 1 0 1 1 0 1 1 1 0 1 1 1 0 0 0 0 1 1 1 0 1 1 1 0 1 0 1 1 0 0 1 1 0 0 1 0 1 1 1 0 0 0 0 0 1 0 1 0 0 0 0
56 0 1 0 0 0 0 1 0 0 1 0 1 1 1 1 0 1 0 0 1 0 0 1 0 1 1 0 1 1 1 1 0 1 0 1 1 1 0 0 1 0 0 0 1 0 0 1 0 1 0 1 0 1 0 1 0 1 1 1 0 1 1 0 0 1 1 1 0 1 0 0 1 1 1 1 0 0 1 1 0 1 1 1 1 0 1 1 1 1 1 1 0 0 0 1 1 0 0 0 0
57 1 0 1 1 1 1 1 1 1 1 1 0 1 1 1 1 0 1 1 0 0 1 0 1 0 1 0 0 0 1 1 1 1 0 1 1 0 1 0 1 1 0 0 0 1 1 1 1 1 0 0 1 0 0 1 0 0 0 0 1 1 0 1 1 0 1 0 1 0 1 0 0 0 0 1 1 0 0 1 1 1 1 0 1 1 0 1 1 1 1 1 0 1 1 1 0 1 0 0 1
58 0 0 1 0 0 1 1 1 0 0 1 1 0 0 0 1 1 0 0 0 1 0 1 1 1 0 1 1 1 1 1 0 0 0 1 1 0 0 0 0 0 0 0 1 1 0 1 1 0 0 0 1 1 1 0 1 0 0 0 1 0 0 0 1 1 0 0 1 1 0 1 0 0 1 1 1 0 1 1 1 1 0 1 0 1 0 0 0 1 0 0 1 0 1 0 0 1 1 0 0
59 0 0 0 1 0 1 1 0 0 0 1 1 1 1 1 0 0 1 0 0 0 1 0 1 1 0 1 0 1 1 1 0 0 1 1 1 1 0 0 0 1 0 0 1 0 0 0 0 0 0 0 1 1 1 1 0 1 0 1 1 0 1 1 0 0 1 1 0 1 1 0 1 0 0 1 0 1 1 1 0 1 1 1 0 0 1 1 0 0 0 0 1 1 1 1 1 1 1 1 0
60 0 1 0 1 0 1 0 0 0 1 1 0 1 0 0 0 1 0 1 1 1 0 1 0 0 1 0 1 1 1 0 1 0 1 0 1 0 1 0 0 0 1 0 0 0 0 1 0 1 1 1 1 1 0 1 1 1 0 1 0 0 1 0 1 1 0 0 0 0 0 1 1 1 0 0 1 1 0 1 0 1 1 0 0 1 0 1 1 0 1 1 1 0 0 1 1 0 1 1 0
61 0 0 0 0 0 1 1 1 1 0 0 1 1 1 0 1 0 1 0 1 1 0 1 0 0 1 0 0 1 1 1 0 0 0 0 0 0 0 0 0 0 0 1 0 0 0 0 1 0 0 0 1 1 0 0 1 1 0 1 1 0 0 1 0 1 0 0 1 1 1 0 1 1 0 0 1 0 0 1 1 1 0 0 0 0 0 1 0 0 1 1 0 1 0 1 0 1 1 0 0
62 0 1 0 1 0 0 0 1 1 1 0 0 1 1 0 1 0 1 0 0 1 1 0 0 1 0 0 0 0 0 0 0 0 0 1 0 0 1 1 1 0 1 0 0 0 1 0 0 1 0 1 1 0 0 0 0 0 0 1 1 1 1 0 1 1 0 0 1 1 0 1 1 0 1 1 0 1 0 1 0 0 0 0 0 0 1 1 1 0 0 1 1 0 1 0 0 1 0 1 0
63 0 1 0 1 1 0 1 0 0 1 0 0 1 0 0 0 1 0 0 1 1 1 1 0 1 1 0 0 0 1 1 1 1 0 1 0 1 1 1 1 1 1 0 1 0 1 0 0 1 0 1 0 1 0 1 1 0 0 1 0 1 1 0 0 0 1 1 1 1 0 0 1 0 0 0 1 1 0 0 0 0 1 0 0 0 1 1 0 1 1 0 0 1 0 0 0 1 0 0 0
64 1 0 0 1 0 1 0 0 1 0 1 1 1 1 0 1 0 1 1 0 0 1 1 0 1 1 0 1 0 0 1 1 0 1 0 1 1 1 0 1 1 0 1 0 0 1 0 1 0 0 0 1 0 0 0 0 0 1 0 0 1 1 1 1 0 1 1 0 0 0 0 0 1 1 0 0 0 1 0 0 1 0 1 1 1 1 1 0 0 0 0 0 1 0 0 1 0 0 1 1
65 1 0 0 1 0 0 1 0 0 1 0 0 0 0 0 1 1 0 0 1 0 0 1 1 0 1 1 0 0 1 1 1 0 0 0 1 1 0 0 0 1 1 1 1 0 0 0 0 0 0 0 0 1 1 1 0 0 0 1 0 0 0 1 1 0 0 1 1 0 1 0 1 0 1 0 1 0 0 1 1 1 1 0 0 1 1 0 0 1 0 1 1 1 1 1 1 1 0 1 0
66 0 1 1 1 1 1 1 0 0 0 1 1 1 0 1 1 1 0 0 1 0 1 0 1 0 0 1 1 1 0 0 1 1 1 0 0 1 0 0 0 1 1 0 0 0 0 0 1 1 0 1 0 0 0 0 1 0 1 1 1 1 1 0 0 0 0 1 0 1 1 1 0 1 1 1 1 1 0 0 0 0 0 1 0 1 1 1 0 0 1 0 0 1 0 1 0 1 0 0 0
67 1 1 0 1 0 0 0 1 0 1 1 0 0 1 0 0 0 1 0 0 1 0 1 0 1 0 1 0 0 1 1 1 1 0 1 0 0 0 0 0 0 1 1 0 1 1 0 0 1 0 0 1 0 1 1 1 1 1 1 1 0 1 1 0 0 1 0 1 0 0 0 0 1 1 0 1 0 1 0 0 1 0 1 0 0 1 1 1 1 0 0 1 1 1 0 0 0 1 1 0
68 1 1 1 0 1 0 0 0 0 0 1 0 0 1 0 0 1 0 0 0 1 1 0 1 0 0 1 1 0 0 0 0 0 1 0 0 1 0 1 1 1 0 1 0 1 1 0 0 1 0 1 0 1 0 0 1 0 0 0 1 0 0 1 0 1 1 0 1 0 1 1 0 0 0 1 0 1 0 1 1 1 0 1 0 1 1 1 1 1 0 0 1 0 1 0 1 0 1 0 1
69 0 0 0 1 1 0 0 1 0 0 1 0 0 1 1 0 0 1 0 0 1 0 0 0 1 1 0 1 1 0 0 1 1 1 1 0 0 1 1 1 1 1 1 1 0 1 0 1 1 1 0 1 0 0 0 0 0 1 1 0 1 1 1 1 0 0 1 0 1 1 0 0 1 1 0 0 1 0 0 1 0 0 0 1 1 1 0 0 1 1 1 1 1 0 1 1 1 1 0 1
70 0 1 1 0 0 1 1 0 0 0 0 1 1 0 1 1 0 0 0 0 0 1 1 0 1 0 0 1 1 1 0 1 0 1 0 0 1 1 1 0 0 1 1 1 0 0 0 0 1 1 1 0 1 1 1 0 0 1 1 0 0 0 1 1 1 0 0 0 1 0 0 1 0 1 0 1 0 0 1 1 0 1 1 0 1 1 0 1 1 1 1 1 0 1 1 0 0 1 0 1
71 1 0 1 1 0 0 0 0 0 0 0 1 0 1 1 1 1 0 0 1 0 1 1 1 1 0 0 1 1 1 1 0 1 1 0 1 1 1 1 1 0 0 1 0 0 1 1 1 0 1 1 0 1 1 0 0 1 1 0 1 1 1 1 0 0 1 1 1 1 0 1 0 1 1 0 1 0 0 0 1 1 1 0 1 1 0 0 1 0 1 0 1 0 1 1 0 0 1 0 0
72 1 0 0 1 1 1 1 0 1 1 1 0 0 1 0 0 0 1 0 1 0 0 1 0 1 1 1 0 0 1 0 0 0 0 1 1 0 0 0 1 0 1 0 0 0 1 1 0 1 0 1 0 0 0 1 1 1 1 1 1 0 0 0 0 1 1 1 0 1 1 1 1 1 1 0 0 1 1 1 0 1 0 1 1 1 1 1 1 0 1 0 0 1 0 1 1 1 1 1 0
73 1 1 1 1 0 1 1 1 1 1 1 0 0 1 0 1 1 0 1 1 0 1 1 0 0 0 1 1 1 0 0 1 1 1 0 0 1 0 1 1 1 0 0 0 0 0 0 0 1 1 0 1 0 1 0 1 1 0 0 1 1 1 0 1 0 0 1 0 1 0 1 0 1 0 0 1 0 1 0 0 1 0 1 0 0 1 0 0 1 0 0 0 0 0 0 0 0 1 1 0
74 1 1 0 1 1 0 1 1 1 1 1 0 0 0 1 0 1 1 1 0 0 0 0 1 0 0 0 1 1 1 1 1 1 1 1 0 1 1 1 0 0 0 0 0 0 1 1 0 0 0 1 0 1 0 0 1 1 1 0 0 1 0 1 1 1 1 1 0 1 0 0 1 1 0 0 1 1 1 0 1 1 1 1 0 1 1 0 0 0 0 1 1 0 0 0 0 1 0 0 0
75 1 0 1 1 1 0 0 1 1 0 1 0 0 0 1 0 0 0 0 0 0 1 1 0 1 0 1 0 0 1 0 0 1 1 1 1 1 0 1 1 1 0 1 0 1 1 1 0 0 1 1 1 1 1 1 0 0 0 1 0 0 1 0 0 0 1 0 1 1 0 0 0 0 0 1 0 1 1 0 0 0 1 0 0 1 0 1 1 1 1 0 1 0 1 0 0 1 1 1 0
76 0 1 1 0 1 0 1 1 1 0 1 1 0 1 1 0 0 1 1 1 1 0 1 0 0 1 0 1 1 1 1 0 1 0 0 1 1 0 1 1 0 0 0 1 1 1 1 0 0 1 0 0 1 1 0 0 0 1 1 1 1 0 0 0 1 1 0 1 1 0 1 0 0 1 1 0 1 1 1 1 1 0 0 0 0 0 1 1 1 1 1 0 1 1 0 0 0 0 1 1
77 1 1 1 0 1 0 1 0 1 0 1 0 0 0 0 0 1 0 0 1 1 0 1 0 0 1 0 1 1 1 1 0 1 0 1 0 1 0 0 1 0 1 1 1 1 1 0 0 1 1 1 0 1 0 0 1 1 1 0 1 1 1 1 1 0 1 1 1 1 0 0 0 0 1 1 1 1 1 0 0 1 0 0 1 0 0 1 0 0 0 0 0 1 0 1 0 1 0 0 0
78 1 1 0 1 0 1 0 1 0 0 1 0 1 1 0 1 1 0 1 1 1 0 1 0 1 1 1 1 0 0 0 0 0 0 0 1 0 0 0 1 0 1 0 1 0 0 1 0 0 1 1 1 0 1 0 0 0 1 1 1 1 1 1 1 1 1 1 1 1 0 0 1 1 1 0 0 0 1 1 0 0 1 1 0 0 1 0 1 1 1 1 1 1 1 1 1 1 1 1 0
79 0 1 0 1 0 1 1 1 0 1 1 1 1 0 0 0 0 0 1 0 0 1 1 0 1 0 0 1 0 1 0 0 0 0 0 0 1 0 0 0 1 0 0 1 1 0 0 0 0 0 1 1 0 1 1 1 1 0 0 0 0 0 1 1 1 0 1 1 1 1 0 1 0 0 0 0 0 1 1 1 1 0 1 0 0 1 1 0 0 0 1 1 0 0 0 1 1 0 1 1
80 0 0 1 1 1 1 0 0 1 1 0 0 0 1 1 1 0 1 0 1 0 1 0 0 0 1 1 0 1 1 0 1 0 1 0 0 1 1 1 1 1 1 1 0 0 0 0 1 1 1 1 0 1 1 0 0 1 0 0 0 0 0 0 0 1 1 1 1 0 1 0 0 1 1 0 0 1 1 1 1 1 1 0 1 0 1 1 0 1 1 0 1 1 0 1 1 0 0 0 1
81 1 0 1 0 1 0 1 1 0 0 1 1 0 0 0 0 1 1 1 1 0 0 0 0 1 1 0 1 0 0 1 1 0 1 0 1 1 1 1 0 1 1 1 1 1 0 1 1 1 1 1 0 1 0 1 0 1 1 1 0 1 1 1 1 1 1 0 0 0 0 1 0 1 0 1 1 1 1 0 1 1 1 1 1 0 1 0 1 1 1 1 0 0 0 0 0 1 1 1 1
82 0 0 1 1 1 0 0 1 1 0 1 0 1 1 0 1 0 1 1 1 1 0 1 0 1 0 1 1 0 0 1 0 1 0 1 0 1 0 1 0 0 0 1 1 1 0 1 1 0 1 0 1 1 0 0 1 0 1 0 1 1 0 1 0 0 1 0 0 1 0 0 1 0 0 0 1 1 0 0 0 0 1 1 1 1 1 1 1 0 1 0 0 1 0 0 1 1 0 0 1
83 0 0 0 1 0 0 1 1 0 0 0 1 1 0 0 0 1 1 0 0 0 0 0 0 1 1 0 0 1 1 1 0 0 0 0 1 1 1 1 1 0 1 1 0 1 1 1 1 0 0 1 1 1 1 1 1 0 1 0 1 1 1 1 1 1 0 1 1 1 0 0 1 1 1 0 1 0 0 0 1 0 0 0 0 0 1 0 0 1 1 0 0 1 0 0 1 0 1 0 1
84 1 1 0 1 0 0 1 0 0 1 1 1 1 1 0 0 0 1 1 0 0 0 1 1 0 1 0 0 0 1 1 1 1 1 0 0 0 1 0 1 0 0 0 0 1 0 1 1 0 0 0 1 1 1 0 0 1 1 0 1 0 0 0 0 0 1 1 1 1 1 0 1 0 1 0 1 1 1 0 1 1 0 0 1 0 0 0 1 0 1 0 1 0 1 1 0 0 0 1 0
85 0 0 1 0 0 0 1 1 0 0 0 0 1 1 1 0 0 0 0 1 1 1 1 0 1 0 1 0 0 0 1 1 0 0 1 0 1 0 0 0 0 0 1 1 1 1 0 0 1 0 1 1 0 0 1 0 0 1 0 1 0 0 0 0 0 1 0 1 1 1 1 1 0 1 1 0 1 1 0 1 1 1 1 1 1 1 0 1 0 0 0 0 1 1 0 0 0 1 1 1
86 1 1 0 1 0 0 1 1 1 1 0 0 1 0 0 1 1 1 1 1 0 1 1 0 1 1 0 1 1 1 1 1 0 0 1 1 0 0 1 1 0 1 0 1 0 1 0 1 1 1 0 1 0 0 0 0 0 0 1 1 1 0 1 1 1 1 0 1 0 1 1 1 1 1 0 0 1 0 1 1 1 1 1 0 1 0 0 0 0 0 1 0 0 0 0 1 0 1 1 0
87 1 0 1 1 1 1 1 1 1 0 0 0 1 1 1 1 1 0 0 0 0 1 0 0 0 0 0 1 0 1 0 0 0 0 0 0 0 0 0 0 0 0 1 0 0 1 1 0 0 0 1 1 0 1 0 1 1 1 0 0 1 1 1 1 0 0 1 1 0 1 1 1 0 0 0 0 0 0 0 0 0 1 0 0 0 1 0 1 1 0 0 1 0 1 0 0 1 0 1 1
88 1 0 1 0 1 1 1 1 0 1 1 1 0 1 1 0 1 1 1 1 1 1 0 0 1 1 0 1 1 0 1 0 1 0 1 1 1 0 1 1 0 1 0 1 1 1 0 0 1 0 0 1 1 1 1 0 1 0 1 1 0 1 1 0 1 1 0 0 1 1 0 0 0 0 1 0 1 1 0 1 1 1 0 0 0 1 0 1 1 0 0 1 1 1 1 1 1 1 0 1
89 1 1 1 0 1 0 0 0 1 1 0 0 1 1 1 0 1 1 0 1 0 0 0 1 1 1 1 1 0 1 1 1 0 0 1 1 1 1 0 0 0 0 1 0 1 1 1 0 1 1 0 1 0 1 0 1 0 0 1 1 1 0 0 0 1 0 1 1 1 1 1 0 1 0 1 1 0 1 0 0 0 0 1 0 1 1 1 1 1 0 0 0 1 0 1 1 0 0 1 1
90 1 0 1 0 0 1 0 0 0 0 1 1 1 0 1 0 1 1 0 0 0 1 1 1 0 0 0 1 1 0 1 0 1 0 0 1 0 0 1 0 0 0 0 1 1 1 1 0 0 1 0 0 0 1 1 1 0 0 1 0 0 1 0 0 0 0 0 1 0 0 1 1 0 0 0 0 1 0 0 0 1 1 0 1 1 1 1 0 1 0 1 1 0 1 0 0 0 1 1 1
91 0 1 1 0 1 0 0 0 0 0 0 1 0 0 1 0 1 1 0 0 0 0 1 0 1 0 1 0 1 1 0 0 0 0 0 1 1 1 0 0 1 1 0 1 0 0 0 0 0 1 0 1 1 0 1 1 0 1 0 1 1 0 1 1 1 1 1 1 0 0 0 0 1 0 0 0 1 0 1 1 0 0 1 0 1 1 1 0 1 0 0 1 1 0 0 0 0 0 1 0
92 0 1 1 0 0 0 0 1 0 1 1 1 1 0 1 1 1 1 0 1 1 0 0 0 0 1 0 0 1 1 0 1 1 0 1 0 1 1 0 1 1 0 1 0 0 0 0 1 0 1 0 0 0 1 0 1 0 0 1 0 1 0 0 0 0 1 1 1 1 0 0 0 0 0 0 1 0 0 0 1 0 1 0 0 1 0 0 1 1 1 0 0 0 0 1 1 1 0 0 1
93 1 0 1 0 1 0 0 0 0 1 0 0 0 1 1 1 1 1 0 1 0 0 1 0 0 0 1 0 0 0 1 0 0 0 1 1 0 0 1 0 1 0 1 0 1 1 0 0 0 1 0 0 0 0 0 0 1 1 0 1 1 0 0 1 1 0 1 0 1 0 1 1 1 1 1 1 0 1 1 0 0 1 0 0 1 1 0 1 0 1 1 1 0 0 1 1 0 0 0 1
94 0 1 0 1 0 1 0 0 1 0 0 1 0 1 1 0 1 0 1 1 0 0 0 1 1 0 0 0 0 1 1 1 1 0 0 0 1 1 0 1 0 1 0 1 0 1 0 0 1 0 0 0 0 1 1 1 0 1 1 0 1 0 0 1 1 0 0 1 0 0 0 1 1 0 1 0 0 0 0 1 0 1 1 0 1 0 1 0 0 0 1 1 0 0 0 0 1 1 1 1
95 0 0 1 0 0 1 0 1 1 0 1 0 0 1 0 0 0 0 0 1 0 1 0 0 1 0 0 0 0 1 1 0 1 0 1 1 0 0 1 1 1 0 0 1 1 0 1 1 0 1 0 1 0 1 0 0 0 1 1 1 1 1 1 0 0 1 1 0 1 0 0 1 0 1 1 1 1 1 1 0 0 1 1 0 0 1 0 1 1 1 1 1 1 1 1 0 1 1 0 0
96 0 0 1 1 1 1 1 0 1 0 1 0 0 0 0 1 1 0 0 0 0 0 1 1 0 1 0 0 1 1 0 0 1 0 1 1 1 0 0 0 1 1 1 0 1 0 1 0 1 0 0 1 0 0 0 1 1 0 0 1 0 1 0 1 1 1 0 0 1 0 1 0 1 0 1 0 0 1 0 0 0 1 1 1 0 0 1 1 1 1 0 0 0 0 1 0 0 0 0 1
97 0 1 0 0 1 1 0 0 1 0 0 1 1 0 1 0 0 0 1 1 1 1 1 0 1 0 0 0 0 0 0 1 1 1 1 1 0 1 1 0 1 0 0 0 0 1 1 1 0 0 0 0 1 0 0 1 0 1 1 0 1 0 0 1 1 0 0 1 0 1 1 1 0 0 1 1 1 0 0 1 0 1 0 0 1 1 0 1 1 0 1 0 0 0 0 0 0 0 1 0
98 1 1 1 0 1 0 0 1 0 0 0 0 1 1 1 0 0 0 0 0 1 1 1 0 1 1 1 1 1 1 1 1 0 0 0 1 0 0 1 1 0 1 0 1 0 0 1 1 1 0 0 1 0 1 1 1 1 1 1 1 1 0 1 1 0 0 0 0 0 1 0 0 0 0 0 0 0 1 0 0 0 0 1 1 0 0 0 1 1 0 0 1 1 0 1 1 0 0 1 1
99 1 1 0 0 0 0 0 0 1 1 1 1 1 1 0 0 1 1 1 1 0 1 1 1 0 0 1 1 0 0 1 1 1 0 1 1 0 1 0 0 1 0 1 1 1 1 0 1 0 1 0 1 0 0 0 0 0 1 1 0 0 0 1 1 1 0 1 1 0 0 0 1 0 1 0 1 0 1 1 0 0 0 1 1 1 1 1 0 1 1 1 0 0 1 0 0 0 1 1 1
